num_of_units: 4
unit_0:
  x: 0.198597
  y: -0.110821
  z: 0.011422
  p0: -0.337446
  p1: 0.924373
unit_1:
  x: 0.189410
  y: 0.126963
  z: 0.007299
  p0: 0.129632
  p1: 0.922710
unit_2:
  x: -0.154138
  y: 0.112534
  z: 0.017076
  p0: 0.342023
  p1: 0.918696
unit_3:
  x: -0.145173
  y: -0.101864
  z: 0.023484
  p0: 0.305180
  p1: 0.882201
