num_of_units: 4
unit_0:
  x: 0.106676
  y: -0.117556
  z: 0.002487
  p0: -0.063557
  p1: 0.924360
unit_1:
  x: 0.113153
  y: 0.318812
  z: 0.013483
  p0: 0.815323
  p1: 0.921182
unit_2:
  x: -0.101407
  y: 0.320407
  z: 0.024842
  p0: 0.718584
  p1: 0.931203
unit_3:
  x: -0.109327
  y: -0.125232
  z: -0.004037
  p0: 0.575911
  p1: 0.894115

