num_of_units: 4
unit_0:
  x: 0.105029
  y: -0.203034
  z: 0.017897
  p0: 1.472314
  p1: -0.000324
unit_1:
  x: 0.119404
  y: 0.197718
  z: 0.012447
  p0: 1.394444
  p1: -0.000010
unit_2:
  x: -0.135283
  y: 0.184659
  z: 0.005382
  p0: 1.649662
  p1: -0.000187
unit_3:
  x: -0.140816
  y: -0.171337
  z: 0.014299
  p0: 1.701313
  p1: -0.000262
